Starting time = 2026-01-30 11:48:43, total reqs = 200, total truck = 30
time limit = 3600000, nbIters = 100, maxStable = 1000
#Request = 200
iter=====insertion=====removal=====time=====cost=====nbReject=====nbTrucks
0 -1 -1  1769748578 2863089.0 0 22
4 6 4 1769748613 2831463.0 0 22
9 4 4 1769748878 2586231.0 0 22
12 4 4 1769748911 2573235.0 0 21
17 4 4 1769748968 2554236.0 0 22
19 4 4 1769749042 2522808.0 0 21
20 4 4 1769749058 2516598.0 0 21
22 4 4 1769749101 2512152.0 0 22
24 4 4 1769749134 2510910.0 0 22
30 6 4 1769749218 2503701.0 0 21
31 4 4 1769749230 2502333.0 0 21
32 4 4 1769749310 2318364.0 0 21
34 4 4 1769749390 2278008.0 0 21
36 4 4 1769749472 2221497.0 0 21
37 4 4 1769749502 2220804.0 0 21
48 4 4 1769749871 2220696.0 0 21
56 4 4 1769749928 2210508.0 0 21
57 4 4 1769749943 2201760.0 0 21
60 4 4 1769749974 2195163.0 0 22
63 4 4 1769749988 2194326.0 0 22
67 4 4 1769750005 2192508.0 0 21
70 4 4 1769750038 2191536.0 0 21
72 4 4 1769750070 2114694.0 0 21
79 4 4 1769750102 2114172.0 0 21
85 4 4 1769750178 1987659.0 0 21
87 4 4 1769750188 1983708.0 0 21
100 4 4 1769750341 1882701.0 0 22
101 -1 -1 1769750341 1882701.0 0 22
end time = 2026-01-30 12:19:01, #RejectedReqs = 0, nb Trucks = 22, cost = 1882701.0
