Starting time = 2026-01-30 11:30:59, total reqs = 150, total truck = 20
time limit = 3600000, nbIters = 100, maxStable = 1000
#Request = 150
iter=====insertion=====removal=====time=====cost=====nbReject=====nbTrucks
0 -1 -1  1769747490 2358432.0 0 17
18 0 0 1769747504 2319336.0 0 17
19 4 0 1769747536 1964402.0 0 16
20 0 0 1769747545 1937546.0 0 17
21 0 0 1769747553 1906127.0 0 17
22 0 0 1769747560 1894318.0 0 18
24 0 0 1769747571 1884742.0 0 17
27 4 0 1769747583 1866535.0 0 17
29 4 0 1769747605 1780603.0 0 17
37 4 0 1769747704 1779263.0 0 17
40 0 0 1769747733 1778894.0 0 17
42 0 0 1769747757 1773620.0 0 17
43 0 0 1769747766 1768301.0 0 17
45 0 0 1769747770 1752839.0 0 18
50 0 0 1769747787 1752011.0 0 18
51 0 0 1769747797 1675358.0 0 17
55 0 0 1769747812 1675259.0 0 17
57 0 0 1769747824 1670949.0 0 18
60 0 0 1769747851 1667133.0 0 17
67 0 0 1769747892 1665882.0 0 17
71 0 0 1769747922 1665702.0 0 17
78 0 0 1769747952 1654956.0 0 17
81 4 0 1769747974 1551042.0 0 18
84 0 0 1769747977 1521405.0 0 17
85 0 0 1769747980 1521198.0 0 17
88 0 0 1769747996 1519893.0 0 17
98 0 0 1769748066 1329129.0 0 18
100 0 0 1769748077 1308159.0 0 18
101 -1 -1 1769748077 1308159.0 0 18
end time = 2026-01-30 11:41:17, #RejectedReqs = 0, nb Trucks = 18, cost = 1308159.0
